data/Freiberg_dgm_10m_spac.asc
ncols                 600
nrows                 600
xllcorner    381990.000000
yllcorner    5639990.000000
cellsize     10.000000
NODATA_value -9999.000000
[rows 550 to 574 of 600, columns 456 to 512 of 600]
345.900000 348.830000 354.750000 359.440000 364.210000 369.830000 375.950000 381.670000 382.870000 383.690000 384.330000 385.170000 388.970000 391.520000 393.850000 393.910000 393.730000 393.640000 398.100000 400.210000 402.910000 403.340000 404.550000 406.340000 407.950000 409.690000 411.280000 412.790000 413.900000 415.090000 416.560000 417.510000 418.930000 419.740000 420.590000 421.520000 422.790000 423.690000 424.230000 424.350000 424.700000 425.120000 424.880000 424.890000 424.880000 424.590000 424.090000 423.620000 422.680000 421.800000 421.690000 421.570000 421.420000 421.340000 421.040000 420.200000 418.940000
350.560000 356.120000 359.390000 364.080000 369.100000 375.130000 380.900000 381.860000 382.190000 382.810000 383.700000 384.890000 390.880000 393.270000 393.970000 394.020000 393.730000 393.560000 397.050000 400.360000 402.260000 403.630000 404.700000 406.670000 408.110000 409.620000 411.380000 412.700000 413.790000 415.210000 416.870000 417.640000 418.710000 419.740000 420.700000 421.770000 422.880000 423.790000 424.460000 424.730000 425.080000 425.390000 425.380000 425.090000 425.220000 424.680000 424.150000 423.550000 422.430000 421.590000 421.690000 421.590000 421.370000 421.200000 421.120000 419.780000 418.880000
359.520000 362.340000 365.920000 369.760000 374.330000 379.410000 381.670000 381.150000 381.190000 382.110000 383.470000 385.170000 390.970000 394.050000 393.980000 394.040000 393.700000 393.570000 393.150000 400.410000 401.380000 403.780000 404.660000 406.380000 407.900000 409.470000 410.900000 412.550000 413.890000 415.080000 416.800000 417.740000 418.820000 419.930000 421.190000 422.270000 423.150000 423.890000 424.660000 425.180000 425.470000 425.630000 425.670000 425.280000 425.640000 424.790000 424.270000 423.650000 421.910000 421.590000 421.730000 421.560000 421.250000 421.410000 421.240000 420.400000 419.090000
365.860000 368.790000 373.340000 376.600000 378.980000 379.820000 380.520000 380.190000 380.390000 383.590000 383.780000 386.260000 390.820000 393.950000 393.970000 393.960000 393.690000 393.510000 393.500000 398.620000 401.120000 403.270000 404.540000 405.920000 407.380000 409.240000 410.840000 412.420000 413.960000 414.950000 416.600000 417.780000 418.680000 420.400000 421.580000 422.500000 423.410000 423.740000 424.260000 424.670000 425.370000 425.800000 425.780000 425.550000 425.420000 424.710000 424.170000 423.640000 422.290000 421.480000 421.500000 421.450000 421.280000 421.390000 421.260000 421.210000 419.730000
372.880000 375.370000 377.600000 378.790000 378.990000 378.950000 378.480000 378.680000 382.450000 383.880000 386.810000 387.950000 391.030000 393.840000 393.850000 393.820000 393.770000 393.630000 393.500000 399.550000 401.410000 402.910000 404.300000 405.870000 406.990000 408.650000 410.630000 411.970000 413.160000 414.510000 416.170000 417.300000 418.660000 420.360000 421.720000 422.640000 422.840000 423.060000 423.530000 424.640000 425.560000 426.060000 426.090000 425.860000 425.320000 424.630000 424.200000 423.700000 422.830000 421.490000 421.440000 421.460000 421.330000 421.600000 421.420000 420.900000 419.590000
377.290000 378.010000 378.190000 378.210000 376.630000 376.420000 377.010000 380.640000 384.190000 385.920000 388.090000 389.400000 391.220000 393.590000 393.630000 393.930000 393.780000 393.800000 393.500000 399.030000 401.510000 403.210000 404.600000 405.950000 406.860000 408.340000 410.100000 411.430000 412.820000 414.170000 415.820000 417.220000 418.600000 420.040000 421.270000 422.120000 422.690000 423.130000 424.120000 424.990000 425.780000 426.340000 426.340000 426.010000 425.320000 424.640000 424.090000 423.640000 423.120000 421.600000 421.410000 421.370000 421.380000 421.230000 420.890000 420.080000 419.650000
377.670000 377.760000 376.220000 374.560000 374.420000 375.780000 379.590000 384.470000 384.440000 386.900000 388.990000 390.370000 392.200000 393.590000 393.630000 393.790000 393.850000 393.910000 393.420000 397.220000 401.900000 401.990000 404.330000 405.710000 406.320000 407.770000 409.310000 410.760000 412.300000 413.560000 415.110000 416.770000 418.320000 419.580000 420.640000 421.500000 422.470000 423.400000 424.440000 425.380000 425.940000 426.290000 426.970000 427.750000 425.120000 424.300000 423.850000 423.460000 423.050000 421.570000 421.270000 421.320000 421.290000 421.210000 421.190000 420.330000 420.190000
375.990000 374.200000 372.880000 372.890000 374.980000 379.780000 384.380000 384.600000 384.720000 386.700000 388.670000 390.420000 391.980000 393.490000 393.690000 393.880000 393.980000 393.990000 393.440000 393.150000 401.520000 401.940000 407.110000 407.010000 406.230000 407.450000 408.420000 410.210000 411.650000 413.220000 415.000000 416.450000 418.060000 419.430000 420.680000 421.420000 422.110000 423.310000 424.470000 425.440000 425.830000 426.010000 425.860000 428.540000 424.750000 424.110000 423.540000 423.240000 422.790000 421.590000 421.290000 421.410000 421.310000 421.330000 421.190000 420.230000 419.820000
372.330000 371.400000 371.310000 372.430000 378.100000 382.900000 384.660000 385.160000 385.610000 387.250000 388.980000 390.710000 392.440000 393.430000 393.720000 393.930000 394.010000 393.870000 393.690000 393.390000 399.180000 402.080000 404.670000 407.280000 406.130000 406.850000 408.350000 409.580000 410.910000 412.560000 414.100000 415.870000 417.260000 418.670000 419.980000 421.120000 421.910000 423.000000 424.200000 425.100000 425.780000 426.210000 425.070000 424.540000 424.310000 423.550000 423.050000 422.940000 422.550000 422.010000 421.710000 421.480000 421.280000 420.820000 420.650000 420.490000 419.950000
369.760000 369.930000 371.940000 372.520000 379.170000 384.420000 384.880000 385.060000 385.970000 387.480000 389.300000 391.060000 392.720000 393.420000 393.730000 393.960000 393.890000 393.920000 393.640000 393.260000 398.100000 402.380000 403.250000 405.410000 405.780000 406.720000 407.990000 409.240000 410.510000 411.960000 413.410000 414.990000 416.110000 417.850000 419.200000 420.260000 421.150000 422.440000 423.280000 423.850000 424.450000 424.530000 424.190000 423.780000 423.040000 422.940000 422.710000 422.550000 422.230000 421.990000 421.770000 421.480000 421.180000 420.790000 420.530000 420.290000 420.040000
368.770000 370.610000 372.150000 374.990000 380.180000 384.960000 384.950000 385.070000 386.120000 387.570000 388.990000 390.500000 391.780000 393.470000 393.710000 393.810000 393.910000 393.910000 393.680000 393.210000 397.630000 402.650000 403.570000 404.330000 405.390000 406.400000 407.690000 408.990000 410.270000 411.610000 412.910000 414.500000 415.520000 416.830000 418.130000 419.190000 420.150000 420.890000 421.330000 422.190000 422.980000 422.950000 423.140000 422.790000 422.830000 422.650000 422.380000 422.040000 421.880000 421.690000 421.460000 421.260000 420.930000 420.730000 420.380000 419.940000 419.920000
368.830000 370.370000 371.880000 375.940000 381.300000 384.980000 384.870000 385.220000 386.720000 388.310000 389.710000 391.110000 393.070000 393.560000 393.790000 393.780000 393.850000 393.900000 393.850000 393.260000 396.200000 402.820000 403.510000 403.940000 405.100000 406.250000 407.530000 408.750000 410.080000 411.560000 412.610000 413.880000 415.000000 416.330000 417.330000 418.020000 418.880000 419.140000 419.850000 421.060000 421.480000 422.010000 422.150000 422.100000 422.280000 422.100000 421.790000 421.640000 421.580000 421.380000 421.120000 420.960000 420.840000 420.590000 420.610000 420.110000 420.030000
369.540000 370.690000 372.650000 377.250000 382.770000 384.910000 384.910000 385.550000 387.430000 389.060000 390.490000 391.250000 393.460000 393.680000 393.830000 393.920000 393.830000 393.850000 393.940000 393.080000 395.490000 403.050000 403.150000 404.140000 405.060000 406.020000 407.170000 408.550000 410.030000 411.240000 412.440000 413.440000 414.470000 415.450000 416.370000 417.040000 417.980000 418.540000 419.150000 419.720000 420.290000 420.990000 421.350000 421.450000 421.770000 421.280000 421.170000 421.040000 421.010000 420.880000 420.890000 420.660000 420.690000 420.480000 420.420000 420.140000 420.000000
370.750000 370.850000 372.680000 378.910000 384.750000 384.950000 385.130000 385.730000 387.730000 389.760000 390.830000 391.000000 393.540000 393.710000 393.810000 393.900000 393.800000 393.850000 394.030000 392.960000 395.990000 402.930000 402.830000 403.940000 405.180000 405.880000 407.110000 408.370000 409.990000 411.260000 412.190000 413.140000 413.990000 415.030000 415.880000 416.620000 417.300000 418.040000 418.540000 418.970000 419.590000 420.100000 420.610000 420.780000 420.950000 420.630000 420.540000 420.540000 420.680000 420.630000 420.600000 420.610000 420.510000 420.350000 420.010000 420.090000 419.980000
372.010000 372.150000 383.390000 384.040000 384.870000 385.030000 385.200000 386.730000 388.600000 390.370000 390.680000 390.710000 393.570000 393.740000 393.830000 393.890000 393.830000 393.730000 393.950000 392.850000 395.370000 402.900000 402.930000 404.180000 405.030000 405.940000 406.980000 408.200000 409.680000 410.680000 411.660000 412.680000 413.490000 414.610000 415.390000 416.220000 416.760000 417.410000 417.780000 418.240000 418.560000 419.110000 419.640000 419.850000 420.050000 419.980000 419.860000 420.080000 420.190000 420.300000 420.290000 420.300000 420.420000 420.300000 420.150000 420.040000 420.000000
372.190000 375.070000 384.600000 385.060000 385.060000 385.190000 385.140000 386.560000 388.710000 390.840000 390.680000 390.680000 393.630000 393.740000 393.860000 393.850000 393.810000 393.960000 394.210000 392.750000 395.220000 403.160000 403.060000 403.970000 404.970000 405.820000 406.930000 408.110000 409.300000 410.290000 411.140000 412.240000 413.120000 413.840000 414.790000 415.310000 416.100000 416.820000 417.050000 417.440000 417.860000 418.240000 418.840000 418.930000 419.310000 419.380000 419.540000 419.630000 419.940000 419.940000 420.080000 420.040000 420.090000 420.330000 420.230000 420.060000 420.060000
372.090000 374.890000 385.210000 385.050000 384.980000 385.100000 385.160000 386.670000 388.850000 390.800000 390.610000 390.940000 393.690000 393.780000 393.840000 393.790000 393.800000 393.960000 394.330000 392.600000 397.360000 403.120000 403.060000 403.930000 405.090000 405.820000 406.900000 407.890000 408.820000 409.730000 410.630000 411.530000 412.490000 413.270000 413.880000 414.580000 415.240000 415.870000 416.400000 416.730000 417.100000 417.440000 417.880000 418.260000 418.640000 418.940000 419.240000 419.350000 419.690000 419.850000 420.010000 420.060000 420.150000 420.000000 420.140000 420.160000 420.120000
372.030000 375.050000 385.250000 385.140000 384.950000 385.090000 385.070000 386.800000 388.570000 390.340000 390.570000 390.640000 393.760000 393.990000 393.900000 393.750000 394.060000 393.900000 394.440000 392.460000 397.570000 403.290000 403.100000 403.790000 404.650000 405.650000 406.530000 407.630000 408.460000 409.410000 410.260000 411.100000 411.870000 412.420000 413.230000 413.860000 414.670000 415.110000 415.720000 416.190000 416.600000 416.950000 417.410000 417.670000 418.120000 418.370000 418.860000 419.110000 419.410000 419.760000 419.910000 420.030000 420.000000 420.110000 420.130000 420.190000 420.270000
372.060000 375.840000 385.160000 385.160000 385.080000 385.080000 385.090000 386.720000 388.360000 390.040000 390.590000 392.070000 393.790000 393.840000 393.910000 393.810000 393.820000 393.830000 394.550000 392.390000 396.760000 403.360000 403.170000 403.800000 404.530000 405.550000 406.370000 407.260000 408.280000 408.930000 410.170000 410.610000 412.170000 412.220000 412.720000 413.690000 414.120000 414.760000 415.210000 415.620000 416.200000 416.630000 417.000000 417.370000 417.810000 418.300000 418.630000 418.950000 419.250000 419.530000 419.660000 419.760000 420.060000 420.070000 420.140000 420.140000 420.120000
372.070000 379.630000 385.270000 385.040000 385.070000 385.080000 385.610000 387.240000 388.790000 390.300000 390.600000 393.430000 393.630000 393.730000 393.850000 393.830000 393.740000 393.760000 394.740000 392.310000 398.280000 403.450000 403.280000 403.990000 404.610000 405.490000 406.390000 407.300000 408.190000 408.890000 409.520000 411.310000 411.080000 411.830000 412.440000 413.220000 413.730000 414.240000 414.630000 415.250000 415.790000 416.290000 416.730000 417.180000 417.530000 417.890000 418.370000 418.710000 418.990000 419.420000 419.520000 419.770000 419.650000 420.000000 420.060000 420.180000 420.280000
373.260000 385.370000 385.050000 385.110000 385.080000 385.070000 385.890000 387.340000 388.980000 390.600000 390.590000 393.470000 393.520000 393.830000 393.740000 393.890000 393.780000 393.790000 394.970000 392.230000 397.370000 403.280000 403.370000 404.180000 404.770000 405.460000 406.400000 407.160000 407.940000 408.690000 409.480000 411.450000 410.710000 411.400000 412.110000 412.700000 413.260000 413.670000 414.020000 414.680000 415.190000 415.800000 416.360000 416.870000 417.230000 417.710000 418.030000 418.370000 418.790000 419.130000 419.380000 419.710000 419.900000 420.030000 420.110000 420.220000 420.360000
371.990000 382.280000 385.040000 385.090000 385.120000 385.500000 386.610000 387.730000 388.850000 390.470000 390.540000 393.400000 393.510000 393.950000 393.930000 393.920000 393.990000 393.870000 395.060000 392.030000 399.470000 403.230000 403.410000 404.180000 404.800000 405.330000 406.380000 407.220000 407.980000 408.390000 411.240000 410.040000 410.440000 410.830000 411.590000 412.310000 412.750000 413.550000 413.710000 414.220000 414.870000 415.310000 415.940000 416.470000 417.020000 417.370000 417.850000 418.160000 418.720000 419.130000 419.460000 419.650000 419.750000 419.980000 420.190000 420.380000 420.550000
376.710000 383.330000 385.000000 385.090000 385.050000 386.150000 387.210000 388.210000 389.200000 390.200000 390.540000 393.440000 393.620000 393.920000 393.900000 393.880000 393.800000 393.850000 395.350000 391.960000 399.790000 402.460000 403.380000 404.140000 404.750000 405.360000 406.320000 407.090000 407.750000 408.290000 412.290000 409.640000 410.140000 410.510000 411.160000 411.830000 412.460000 413.010000 413.340000 413.970000 414.470000 414.960000 415.600000 416.270000 416.710000 417.180000 417.680000 418.090000 418.600000 419.020000 419.300000 419.420000 419.700000 420.040000 420.280000 420.490000 420.560000
379.710000 384.460000 385.100000 385.060000 385.120000 385.370000 386.350000 387.340000 388.330000 389.930000 390.520000 393.200000 393.870000 393.950000 393.930000 393.880000 393.770000 393.860000 395.390000 391.850000 400.390000 402.440000 403.270000 403.940000 404.620000 405.410000 405.970000 407.050000 407.530000 408.140000 412.080000 409.150000 409.690000 410.090000 410.440000 411.180000 411.860000 412.520000 413.070000 413.580000 414.050000 414.660000 415.200000 415.810000 416.330000 417.030000 417.530000 417.860000 418.360000 418.770000 419.220000 419.530000 419.660000 419.960000 420.420000 420.500000 420.730000
378.400000 385.140000 385.090000 385.030000 385.160000 385.180000 385.480000 386.470000 387.550000 390.220000 390.520000 393.140000 393.920000 393.920000 393.930000 393.880000 393.810000 393.910000 395.650000 391.760000 401.210000 402.330000 402.990000 403.740000 404.480000 405.220000 405.980000 406.740000 407.380000 407.970000 412.190000 408.870000 409.100000 409.440000 409.740000 410.270000 411.200000 411.810000 412.540000 413.080000 413.680000 414.280000 414.770000 415.610000 416.140000 416.740000 417.170000 417.740000 418.230000 418.690000 419.240000 419.520000 419.760000 420.370000 420.340000 420.660000 420.840000
