data/Freiberg_dgm_10m_spac.asc
ncols                 600
nrows                 600
xllcorner    381990.000000
yllcorner    5639990.000000
cellsize     10.000000
NODATA_value -9999.000000
[rows 125 to 149 of 600, columns 399 to 455 of 600]
349.130000 350.620000 351.870000 353.810000 355.620000 357.910000 359.790000 362.090000 364.070000 365.620000 366.630000 368.010000 369.600000 370.990000 372.350000 373.590000 374.810000 376.000000 377.260000 378.490000 379.490000 380.330000 380.910000 381.440000 381.870000 382.170000 382.430000 382.590000 382.870000 383.310000 383.740000 384.300000 385.150000 385.630000 385.980000 386.460000 387.240000 387.700000 387.960000 388.260000 388.530000 388.770000 388.990000 389.020000 389.090000 389.280000 389.570000 389.820000 390.120000 390.540000 390.810000 391.030000 391.190000 391.370000 391.580000 391.890000 392.290000
347.530000 349.250000 352.610000 355.630000 357.100000 358.730000 360.340000 362.250000 363.940000 365.550000 366.720000 368.150000 369.680000 371.150000 372.490000 373.710000 374.840000 376.060000 377.180000 378.290000 379.190000 379.950000 380.510000 380.920000 381.350000 381.630000 381.800000 382.040000 382.310000 382.810000 383.330000 383.880000 384.390000 385.450000 385.750000 386.140000 386.720000 387.310000 387.610000 387.880000 388.190000 388.400000 388.670000 388.700000 388.790000 389.010000 389.320000 389.560000 389.830000 390.190000 390.510000 390.690000 390.850000 391.030000 391.310000 391.670000 392.150000
349.920000 352.650000 354.010000 355.730000 357.380000 359.190000 360.880000 362.450000 364.170000 365.700000 366.910000 368.360000 369.780000 371.260000 372.530000 373.780000 374.870000 375.970000 377.050000 378.010000 378.880000 379.520000 380.040000 380.420000 380.730000 381.040000 381.240000 381.550000 381.930000 382.330000 382.870000 383.430000 384.030000 384.570000 385.540000 385.800000 386.230000 386.880000 387.230000 387.540000 387.790000 387.980000 388.150000 388.370000 388.540000 388.770000 389.040000 389.330000 389.620000 389.880000 390.220000 390.350000 390.530000 390.740000 391.070000 391.540000 392.100000
351.820000 353.080000 354.640000 356.320000 358.090000 359.800000 361.400000 362.870000 364.510000 366.000000 367.160000 368.510000 369.890000 371.240000 372.530000 373.670000 374.770000 375.790000 376.810000 377.690000 378.420000 379.060000 379.530000 379.860000 380.120000 380.360000 380.790000 381.170000 381.580000 381.970000 382.410000 382.980000 383.590000 384.270000 385.260000 385.540000 385.810000 386.360000 386.850000 387.070000 387.250000 387.440000 387.610000 388.010000 388.290000 388.480000 388.820000 389.110000 389.410000 389.610000 389.900000 390.020000 390.240000 390.530000 390.980000 391.500000 392.020000
352.560000 354.000000 355.510000 357.190000 358.800000 360.500000 362.040000 363.380000 364.690000 366.180000 367.480000 368.680000 369.950000 371.170000 372.330000 373.420000 374.430000 375.430000 376.350000 377.200000 377.890000 378.390000 378.880000 379.230000 379.520000 379.910000 380.330000 380.860000 381.280000 381.650000 382.020000 382.590000 383.280000 383.850000 384.420000 385.170000 385.550000 385.890000 386.390000 386.640000 386.690000 386.860000 387.130000 387.670000 388.090000 388.250000 388.560000 388.850000 389.090000 389.310000 389.610000 389.760000 390.010000 390.390000 390.890000 391.450000 391.940000
353.840000 355.150000 356.630000 358.120000 359.620000 361.100000 362.520000 363.940000 365.260000 366.710000 367.930000 368.790000 369.920000 370.940000 372.000000 373.040000 373.910000 374.800000 375.680000 376.510000 377.160000 377.680000 378.100000 378.560000 379.060000 379.550000 380.040000 380.500000 380.990000 381.340000 381.740000 382.230000 382.830000 383.510000 383.930000 384.410000 384.970000 385.500000 385.850000 386.070000 386.220000 386.380000 386.750000 387.290000 387.730000 387.980000 388.250000 388.580000 388.750000 388.970000 389.220000 389.500000 389.750000 390.200000 390.740000 391.360000 391.820000
355.050000 356.220000 357.510000 358.930000 360.310000 361.540000 362.890000 364.310000 365.570000 366.660000 368.010000 368.830000 369.700000 370.650000 371.580000 372.480000 373.340000 374.010000 374.850000 375.600000 376.270000 376.880000 377.420000 378.020000 378.670000 379.280000 379.810000 380.260000 380.680000 381.100000 381.440000 381.830000 382.290000 382.850000 383.340000 383.790000 384.280000 384.940000 385.320000 385.470000 385.790000 386.020000 386.390000 386.970000 387.480000 387.680000 387.880000 388.180000 388.370000 388.520000 388.750000 389.190000 389.490000 390.020000 390.500000 391.140000 391.630000
356.000000 357.090000 358.300000 359.590000 360.760000 361.900000 363.110000 364.290000 365.530000 366.620000 367.550000 368.780000 369.440000 370.240000 371.140000 371.930000 372.630000 373.240000 373.870000 374.610000 375.290000 376.090000 376.860000 377.670000 378.370000 379.010000 379.570000 380.060000 380.360000 380.740000 381.030000 381.370000 381.740000 382.120000 382.610000 383.170000 383.650000 384.090000 384.920000 384.940000 385.230000 385.650000 386.070000 386.650000 387.160000 387.380000 387.410000 387.620000 387.850000 388.100000 388.390000 388.850000 389.270000 389.810000 390.290000 390.890000 391.370000
356.490000 357.400000 358.710000 359.900000 360.970000 361.930000 363.000000 364.100000 365.220000 366.290000 367.270000 368.330000 369.220000 369.910000 370.630000 371.370000 371.960000 372.480000 373.010000 373.760000 374.610000 375.530000 376.470000 377.370000 378.160000 378.770000 379.300000 379.760000 380.060000 380.250000 380.540000 380.780000 381.110000 381.430000 381.900000 382.510000 383.040000 383.540000 384.410000 384.500000 384.740000 385.290000 385.700000 386.140000 386.630000 386.880000 386.910000 387.070000 387.330000 387.640000 387.980000 388.530000 389.040000 389.570000 390.130000 390.640000 391.140000
356.470000 357.250000 358.630000 359.740000 360.690000 361.530000 362.550000 363.650000 364.700000 365.760000 366.800000 367.630000 368.830000 369.490000 370.100000 370.690000 371.280000 371.760000 372.420000 373.190000 374.170000 375.210000 376.250000 377.170000 377.920000 378.480000 378.940000 379.320000 379.570000 379.710000 379.930000 380.240000 380.520000 380.810000 381.270000 381.850000 382.470000 382.910000 383.390000 384.110000 384.310000 384.930000 385.440000 385.740000 386.050000 386.270000 386.360000 386.540000 386.820000 387.220000 387.540000 388.160000 388.750000 389.310000 389.900000 390.390000 390.820000
355.210000 356.630000 357.880000 359.060000 360.010000 360.890000 361.850000 362.950000 363.990000 365.030000 366.160000 367.180000 368.140000 368.990000 369.500000 369.930000 370.500000 371.210000 372.060000 372.910000 373.880000 374.950000 375.980000 376.920000 377.640000 378.130000 378.500000 378.740000 378.950000 379.160000 379.320000 379.660000 379.960000 380.250000 380.660000 381.240000 381.880000 382.370000 382.860000 383.490000 383.870000 384.530000 385.100000 385.350000 385.580000 385.740000 385.860000 385.990000 386.340000 386.740000 387.120000 387.710000 388.360000 388.990000 389.580000 390.070000 390.450000
353.430000 354.930000 356.740000 357.940000 359.080000 360.110000 361.120000 362.130000 363.190000 364.330000 365.440000 366.450000 367.220000 367.870000 368.760000 369.250000 369.890000 370.850000 371.810000 372.780000 373.710000 374.710000 375.650000 376.530000 377.260000 377.730000 377.970000 378.160000 378.300000 378.580000 378.850000 379.170000 379.470000 379.750000 380.180000 380.710000 381.300000 381.870000 382.320000 382.930000 383.310000 383.970000 384.590000 384.790000 384.960000 385.200000 385.270000 385.440000 385.840000 386.250000 386.590000 387.110000 387.910000 388.610000 389.150000 389.620000 390.020000
351.600000 353.050000 355.010000 356.860000 358.070000 359.270000 360.320000 361.450000 362.450000 363.530000 364.590000 365.430000 366.080000 366.670000 367.420000 368.860000 369.540000 370.570000 371.670000 372.580000 373.530000 374.470000 375.330000 376.070000 376.690000 377.140000 377.420000 377.600000 377.730000 378.050000 378.370000 378.680000 379.050000 379.350000 379.740000 380.210000 380.760000 381.360000 381.770000 382.570000 382.680000 383.250000 383.880000 384.100000 384.230000 384.550000 384.710000 384.880000 385.340000 385.760000 386.160000 386.530000 387.270000 388.000000 388.610000 389.090000 389.490000
349.920000 351.640000 353.180000 355.650000 357.150000 358.370000 359.590000 360.710000 361.730000 362.730000 363.490000 364.120000 364.680000 365.440000 366.610000 368.320000 369.470000 370.450000 371.540000 372.400000 373.260000 374.090000 374.830000 375.530000 376.030000 376.480000 376.800000 376.990000 377.250000 377.520000 377.920000 378.230000 378.640000 378.970000 379.370000 379.780000 380.260000 380.860000 381.190000 381.940000 382.050000 382.480000 383.010000 383.340000 383.480000 383.880000 384.100000 384.320000 384.750000 385.270000 385.650000 386.090000 386.710000 387.340000 387.920000 388.470000 388.930000
348.960000 350.190000 351.790000 354.250000 356.410000 357.700000 358.890000 359.990000 360.870000 361.570000 362.150000 362.740000 363.510000 364.760000 366.310000 367.830000 369.300000 370.390000 371.350000 372.190000 372.940000 373.630000 374.200000 374.860000 375.360000 375.800000 376.220000 376.450000 376.800000 377.060000 377.510000 377.880000 378.250000 378.630000 379.050000 379.430000 379.840000 380.310000 380.660000 380.980000 381.350000 381.600000 382.130000 382.590000 382.770000 383.170000 383.520000 383.800000 384.220000 384.670000 385.210000 385.600000 386.220000 386.820000 387.310000 387.820000 388.280000
347.480000 349.120000 350.470000 353.030000 355.330000 357.170000 358.130000 359.010000 359.670000 360.150000 360.620000 361.580000 363.050000 364.560000 366.090000 367.620000 368.950000 370.500000 371.210000 371.990000 372.580000 373.180000 373.700000 374.240000 374.770000 375.240000 375.670000 376.030000 376.380000 376.730000 377.180000 377.550000 377.920000 378.360000 378.720000 379.020000 379.370000 379.810000 380.160000 380.500000 380.710000 380.830000 381.360000 381.920000 382.130000 382.520000 382.900000 383.310000 383.670000 384.210000 384.730000 385.250000 385.840000 386.360000 386.810000 387.220000 387.690000
344.730000 347.280000 349.630000 351.870000 354.260000 356.120000 357.440000 357.810000 358.050000 358.350000 359.250000 361.100000 362.720000 364.200000 365.730000 367.360000 368.880000 370.210000 371.130000 371.740000 372.270000 372.780000 373.230000 373.730000 374.290000 374.780000 375.250000 375.680000 376.050000 376.460000 376.910000 377.330000 377.640000 378.080000 378.440000 378.710000 378.990000 379.360000 379.720000 379.980000 380.050000 380.160000 380.740000 381.280000 381.580000 381.950000 382.390000 382.790000 383.160000 383.710000 384.270000 384.750000 385.410000 386.000000 386.390000 386.760000 387.200000
343.280000 345.450000 349.270000 350.950000 352.780000 354.600000 355.860000 356.600000 356.380000 356.780000 358.460000 360.530000 362.220000 363.610000 365.220000 367.170000 368.920000 370.290000 370.990000 371.470000 371.910000 372.320000 372.780000 373.330000 373.880000 374.440000 374.980000 375.470000 375.890000 376.350000 376.710000 377.050000 377.330000 377.730000 378.120000 378.420000 378.640000 378.920000 379.190000 379.410000 379.780000 379.740000 380.120000 380.740000 381.090000 381.390000 381.910000 382.280000 382.700000 383.300000 383.820000 384.340000 384.990000 385.630000 386.040000 386.410000 386.840000
341.600000 344.020000 346.150000 348.400000 350.040000 351.220000 352.500000 353.680000 355.360000 355.840000 357.910000 359.990000 361.830000 363.330000 365.030000 367.220000 369.000000 370.020000 370.820000 371.130000 371.510000 371.890000 372.350000 372.980000 373.590000 374.270000 374.850000 375.360000 375.800000 376.230000 376.530000 376.820000 376.990000 377.370000 377.740000 378.010000 378.200000 378.410000 378.660000 378.910000 379.480000 379.340000 379.730000 380.180000 380.570000 380.880000 381.410000 381.830000 382.330000 382.980000 383.480000 384.000000 384.640000 385.240000 385.580000 386.000000 386.560000
339.300000 340.680000 342.180000 345.020000 346.400000 347.480000 349.430000 351.810000 354.580000 355.350000 357.590000 359.860000 361.650000 363.350000 365.080000 367.140000 368.930000 369.890000 370.490000 370.770000 371.090000 371.480000 371.980000 372.630000 373.440000 374.120000 374.780000 375.300000 375.740000 376.120000 376.400000 376.590000 376.670000 376.910000 377.240000 377.500000 377.670000 377.850000 378.080000 378.390000 379.360000 379.310000 379.190000 379.750000 380.020000 380.360000 380.850000 381.290000 381.890000 382.640000 383.140000 383.650000 384.180000 384.690000 385.120000 385.680000 386.210000
335.680000 337.340000 339.400000 341.550000 344.420000 346.370000 348.480000 350.630000 354.120000 355.140000 357.370000 359.610000 361.500000 363.390000 365.140000 366.890000 368.540000 369.500000 370.090000 370.330000 370.630000 371.000000 371.610000 372.320000 373.130000 373.820000 374.500000 375.110000 375.640000 376.060000 376.280000 376.400000 376.350000 376.400000 376.630000 376.830000 377.050000 377.130000 377.430000 377.780000 379.170000 378.270000 378.710000 379.050000 379.480000 379.760000 380.210000 380.590000 381.230000 382.040000 382.650000 383.180000 383.740000 384.300000 384.780000 385.280000 385.910000
334.640000 336.620000 338.430000 340.890000 344.140000 346.200000 348.640000 351.610000 354.490000 355.510000 357.300000 359.280000 361.160000 363.100000 364.850000 366.390000 367.740000 368.870000 369.740000 369.810000 370.140000 370.490000 371.050000 371.660000 372.450000 373.160000 373.850000 374.560000 375.310000 375.860000 376.160000 376.100000 375.860000 375.770000 375.970000 376.080000 376.250000 376.350000 376.690000 377.040000 378.980000 377.770000 378.000000 378.490000 378.820000 379.190000 379.610000 380.150000 380.900000 381.680000 382.440000 382.990000 383.670000 384.360000 384.860000 385.390000 385.830000
334.760000 336.930000 338.940000 342.160000 345.940000 349.120000 351.860000 355.020000 355.770000 356.570000 357.790000 359.320000 360.970000 362.680000 364.430000 365.870000 367.140000 368.360000 369.180000 369.320000 369.580000 369.950000 370.390000 370.890000 371.490000 372.220000 372.910000 373.650000 374.460000 375.130000 375.380000 375.300000 375.100000 375.060000 375.230000 375.370000 375.460000 375.550000 375.920000 376.540000 378.950000 377.810000 377.790000 378.080000 378.410000 378.990000 379.710000 380.300000 381.140000 381.880000 382.590000 383.070000 383.650000 384.320000 384.940000 385.470000 385.930000
335.380000 338.100000 341.590000 345.980000 349.460000 352.030000 354.110000 356.340000 356.950000 357.910000 359.010000 360.160000 361.400000 362.880000 364.500000 365.830000 366.950000 368.030000 368.550000 368.750000 369.010000 369.360000 369.730000 370.180000 370.690000 371.320000 372.060000 372.720000 373.420000 373.940000 374.190000 374.240000 374.260000 374.370000 374.460000 374.570000 374.700000 374.890000 375.440000 375.900000 378.850000 377.800000 377.760000 377.750000 377.820000 379.120000 379.610000 380.380000 381.090000 381.820000 382.520000 382.980000 383.500000 384.230000 384.860000 385.340000 385.850000
337.620000 340.660000 344.440000 347.800000 350.650000 353.370000 355.160000 356.900000 357.800000 359.050000 360.320000 361.450000 362.480000 363.690000 364.960000 366.140000 367.040000 367.620000 367.990000 368.200000 368.440000 368.740000 369.110000 369.480000 370.030000 370.650000 371.260000 371.880000 372.510000 372.870000 373.190000 373.410000 373.540000 373.700000 373.750000 373.890000 374.160000 374.520000 374.930000 375.260000 378.660000 377.780000 377.820000 377.800000 377.780000 378.640000 379.440000 380.400000 380.990000 381.660000 382.270000 382.750000 383.250000 383.950000 384.600000 385.160000 385.750000
