data/Freiberg_dgm_10m_spac.asc
ncols                 600
nrows                 600
xllcorner    381990.000000
yllcorner    5639990.000000
cellsize     10.000000
NODATA_value -9999.000000
[rows 200 to 224 of 600, columns 456 to 512 of 600]
372.530000 373.170000 373.650000 374.060000 374.570000 375.190000 375.950000 376.650000 377.420000 378.320000 379.070000 379.770000 380.410000 380.650000 381.130000 381.250000 381.330000 381.530000 381.660000 381.970000 382.400000 382.600000 382.810000 383.030000 383.190000 383.360000 383.640000 383.870000 384.290000 384.400000 384.240000 384.300000 384.280000 384.380000 384.610000 385.020000 385.330000 385.450000 385.380000 385.430000 385.590000 385.830000 385.700000 385.600000 385.630000 385.740000 385.820000 385.900000 386.020000 385.960000 385.860000 385.740000 385.620000 385.340000 385.030000 384.850000 384.620000
371.990000 372.710000 373.230000 373.700000 374.260000 374.950000 375.620000 376.230000 376.830000 377.640000 378.350000 379.000000 379.710000 380.090000 380.670000 380.820000 380.870000 381.040000 381.170000 381.500000 381.930000 382.150000 382.440000 382.630000 382.780000 382.990000 383.260000 383.550000 384.030000 384.040000 383.910000 383.980000 383.900000 384.010000 384.310000 384.710000 385.090000 385.250000 385.230000 385.200000 385.400000 385.820000 385.680000 385.600000 385.610000 385.750000 385.890000 385.960000 386.100000 386.140000 386.020000 385.980000 385.810000 385.580000 385.190000 385.010000 384.810000
371.100000 371.730000 372.190000 372.860000 373.480000 374.090000 374.760000 375.350000 376.040000 376.940000 377.810000 378.570000 379.120000 379.570000 380.170000 380.450000 380.530000 380.670000 380.890000 381.150000 381.580000 381.790000 382.100000 382.280000 382.480000 382.670000 382.910000 383.210000 383.820000 383.720000 383.620000 383.660000 383.630000 383.700000 384.000000 384.420000 384.870000 385.060000 385.010000 385.050000 385.360000 385.790000 385.700000 385.520000 385.560000 385.720000 385.930000 386.030000 386.180000 386.290000 386.210000 386.130000 386.030000 385.830000 385.470000 385.220000 385.040000
370.830000 371.550000 372.110000 372.550000 373.070000 373.600000 374.140000 374.700000 375.370000 376.170000 376.940000 377.710000 378.280000 378.810000 379.470000 379.850000 380.010000 380.270000 380.540000 380.850000 381.290000 381.540000 381.850000 382.030000 382.240000 382.370000 382.670000 382.950000 383.680000 383.420000 383.340000 383.390000 383.460000 383.520000 383.710000 384.110000 384.480000 384.710000 384.750000 385.040000 385.410000 385.820000 385.830000 385.510000 385.560000 385.790000 386.020000 386.130000 386.300000 386.410000 386.390000 386.360000 386.250000 386.040000 385.710000 385.440000 385.310000
370.310000 371.110000 371.740000 372.230000 372.650000 373.140000 373.690000 374.300000 374.940000 375.620000 376.380000 377.170000 377.780000 378.380000 378.920000 379.350000 379.560000 379.890000 380.170000 380.420000 380.810000 381.070000 381.480000 381.600000 381.860000 381.990000 382.300000 382.680000 383.610000 383.100000 383.030000 383.130000 383.220000 383.220000 383.370000 383.640000 384.030000 384.490000 384.820000 385.230000 385.570000 385.890000 385.870000 385.730000 385.700000 385.900000 386.130000 386.300000 386.410000 386.510000 386.560000 386.570000 386.420000 386.300000 386.030000 385.740000 385.580000
369.750000 370.580000 371.250000 371.800000 372.230000 372.720000 373.230000 373.850000 374.570000 375.170000 375.870000 376.550000 377.140000 377.720000 378.350000 378.840000 379.100000 379.470000 379.750000 380.100000 380.430000 380.650000 380.930000 380.990000 381.170000 381.340000 381.750000 382.190000 383.570000 382.860000 382.800000 382.880000 382.870000 383.130000 383.360000 383.620000 384.080000 384.670000 385.100000 385.390000 385.670000 385.880000 386.110000 385.990000 385.880000 386.070000 386.260000 386.440000 386.540000 386.640000 386.690000 386.720000 386.660000 386.570000 386.370000 386.100000 385.990000
369.160000 370.100000 370.860000 371.420000 371.860000 372.310000 372.880000 373.540000 374.170000 374.750000 375.440000 375.980000 376.450000 377.020000 377.600000 378.160000 378.430000 378.800000 379.070000 379.490000 379.790000 379.960000 380.210000 380.300000 380.720000 381.300000 381.770000 382.260000 383.590000 383.010000 383.020000 383.120000 382.960000 383.220000 383.520000 383.770000 384.300000 384.860000 385.250000 385.450000 385.770000 385.940000 386.300000 386.340000 386.150000 386.300000 386.430000 386.580000 386.710000 386.790000 386.840000 386.830000 386.880000 386.840000 386.680000 386.380000 386.260000
368.660000 369.670000 370.470000 371.090000 371.420000 371.910000 372.520000 373.230000 373.710000 374.230000 374.780000 375.200000 375.770000 376.430000 376.850000 377.320000 377.610000 377.930000 378.300000 378.820000 379.130000 379.440000 379.840000 380.320000 381.080000 381.710000 382.230000 382.700000 383.590000 383.250000 383.410000 383.480000 383.310000 383.330000 383.510000 383.950000 384.490000 384.980000 385.360000 385.560000 385.930000 386.140000 386.380000 386.640000 386.520000 386.500000 386.590000 386.820000 386.880000 387.000000 387.040000 387.030000 387.050000 387.070000 386.990000 386.740000 386.560000
368.110000 369.120000 369.940000 370.510000 370.950000 371.450000 372.060000 372.800000 373.150000 373.460000 373.970000 374.590000 375.330000 376.010000 376.490000 376.870000 377.090000 377.520000 378.110000 378.910000 379.380000 379.860000 380.340000 380.950000 381.540000 382.090000 382.540000 382.940000 383.450000 383.480000 383.630000 383.830000 383.670000 383.580000 383.560000 384.110000 384.630000 385.100000 385.470000 385.700000 386.040000 386.310000 386.470000 386.850000 386.910000 386.760000 386.850000 386.970000 387.080000 387.210000 387.260000 387.280000 387.270000 387.330000 387.210000 387.130000 386.980000
367.540000 368.470000 369.290000 369.910000 370.300000 370.860000 371.600000 372.360000 372.780000 373.050000 373.790000 374.680000 375.580000 376.340000 376.860000 377.330000 377.670000 378.280000 378.990000 379.650000 380.150000 380.590000 381.000000 381.430000 381.940000 382.380000 382.820000 383.330000 383.620000 383.690000 383.920000 384.150000 384.060000 383.980000 383.870000 384.080000 384.570000 385.170000 385.580000 385.840000 386.180000 386.520000 386.720000 386.940000 387.170000 387.060000 387.130000 387.110000 387.280000 387.430000 387.510000 387.530000 387.520000 387.560000 387.520000 387.390000 387.280000
367.230000 368.080000 368.830000 369.600000 369.990000 370.690000 371.630000 372.510000 372.890000 373.370000 374.420000 375.360000 376.310000 377.050000 377.600000 378.200000 378.580000 379.170000 379.770000 380.300000 380.790000 381.140000 381.480000 381.870000 382.260000 382.710000 383.130000 383.930000 383.860000 383.970000 384.250000 384.510000 384.420000 384.380000 384.310000 384.400000 384.740000 385.240000 385.710000 386.030000 386.420000 386.780000 386.940000 387.130000 387.470000 387.390000 387.440000 387.420000 387.510000 387.690000 387.800000 387.820000 387.830000 387.880000 387.810000 387.690000 387.600000
367.950000 368.690000 369.430000 370.110000 370.490000 371.400000 372.470000 373.130000 373.520000 374.240000 375.330000 376.280000 377.010000 377.670000 378.230000 378.820000 379.230000 379.770000 380.330000 380.780000 381.230000 381.600000 381.940000 382.250000 382.610000 382.990000 383.530000 384.170000 384.170000 384.240000 384.560000 384.830000 384.790000 384.820000 384.730000 384.810000 385.110000 385.420000 385.880000 386.250000 386.650000 386.970000 387.200000 387.400000 387.680000 387.740000 387.790000 387.730000 387.800000 387.930000 388.080000 388.120000 388.160000 388.170000 388.160000 388.050000 387.920000
369.310000 370.010000 370.670000 371.200000 371.760000 372.460000 373.430000 374.120000 374.650000 375.250000 376.070000 376.950000 377.610000 378.200000 378.670000 379.230000 379.650000 380.180000 380.720000 381.200000 381.630000 382.080000 382.320000 382.650000 383.010000 383.400000 383.950000 384.430000 384.390000 384.560000 384.860000 385.120000 385.190000 385.260000 385.200000 385.250000 385.520000 385.710000 386.060000 386.430000 386.830000 387.250000 387.470000 387.650000 387.840000 388.150000 388.140000 388.070000 388.090000 388.200000 388.370000 388.470000 388.480000 388.490000 388.470000 388.400000 388.290000
370.680000 371.280000 371.870000 372.320000 372.880000 373.550000 374.300000 374.990000 375.560000 376.140000 376.720000 377.420000 378.080000 378.610000 379.090000 379.580000 380.030000 380.540000 381.110000 381.590000 381.980000 382.420000 382.720000 383.050000 383.420000 383.770000 384.300000 384.740000 384.720000 384.850000 385.160000 385.390000 385.600000 385.760000 385.770000 385.780000 385.980000 386.050000 386.250000 386.620000 387.100000 387.570000 387.740000 387.920000 388.080000 388.560000 388.490000 388.410000 388.510000 388.540000 388.700000 388.820000 388.870000 388.880000 388.860000 388.850000 388.710000
371.790000 372.310000 372.860000 373.280000 373.750000 374.350000 375.040000 375.660000 376.280000 376.820000 377.230000 377.850000 378.470000 378.990000 379.480000 379.940000 380.410000 380.940000 381.480000 381.970000 382.430000 382.820000 383.150000 383.420000 383.820000 384.160000 384.640000 385.070000 385.000000 385.150000 385.470000 385.660000 385.930000 386.170000 386.240000 386.310000 386.510000 386.320000 386.590000 386.920000 387.350000 387.870000 388.070000 388.260000 388.400000 388.840000 388.860000 388.760000 388.810000 388.920000 389.080000 389.230000 389.290000 389.280000 389.310000 389.330000 389.180000
372.570000 373.090000 373.620000 374.040000 374.500000 375.060000 375.700000 376.250000 376.820000 377.340000 377.740000 378.230000 378.800000 379.390000 379.880000 380.350000 380.800000 381.300000 381.860000 382.310000 382.780000 383.180000 383.500000 383.820000 384.190000 384.500000 385.010000 385.390000 385.310000 385.440000 385.800000 385.930000 386.220000 386.430000 386.610000 386.810000 387.000000 386.870000 386.980000 387.300000 387.710000 388.290000 388.460000 388.700000 388.790000 389.170000 389.250000 389.200000 389.230000 389.360000 389.540000 389.640000 389.730000 389.780000 389.790000 389.750000 389.690000
373.270000 373.740000 374.240000 374.670000 375.140000 375.740000 376.300000 376.780000 377.300000 377.820000 378.230000 378.750000 379.210000 379.830000 380.310000 380.800000 381.210000 381.710000 382.250000 382.660000 383.140000 383.520000 383.870000 384.210000 384.580000 384.890000 385.300000 385.700000 385.630000 385.790000 386.110000 386.250000 386.540000 386.810000 387.000000 387.190000 387.460000 387.350000 387.340000 387.610000 388.050000 388.630000 388.780000 389.040000 389.110000 389.480000 389.770000 389.690000 389.730000 389.770000 390.020000 390.090000 390.160000 390.260000 390.210000 390.200000 390.130000
373.940000 374.360000 374.890000 375.280000 375.770000 376.320000 376.820000 377.300000 377.790000 378.290000 378.760000 379.220000 379.680000 380.310000 380.790000 381.270000 381.720000 382.130000 382.640000 383.060000 383.470000 383.890000 384.260000 384.550000 384.970000 385.290000 385.610000 386.000000 385.950000 386.120000 386.370000 386.600000 386.880000 387.140000 387.390000 387.570000 387.910000 387.830000 387.890000 388.050000 388.400000 388.850000 389.100000 389.420000 389.500000 389.790000 390.140000 390.190000 390.130000 390.240000 390.390000 390.530000 390.580000 390.670000 390.680000 390.610000 390.640000
374.620000 375.030000 375.530000 375.910000 376.370000 376.880000 377.390000 377.850000 378.300000 378.770000 379.250000 379.780000 380.240000 380.840000 381.300000 381.760000 382.150000 382.560000 383.040000 383.490000 383.800000 384.200000 384.580000 384.890000 385.320000 385.610000 385.940000 386.300000 386.270000 386.500000 386.730000 386.890000 387.220000 387.530000 387.780000 387.990000 388.310000 388.240000 388.400000 388.540000 388.790000 389.190000 389.460000 389.820000 389.900000 390.120000 390.470000 390.630000 390.590000 390.630000 390.780000 390.920000 390.990000 391.100000 391.170000 391.130000 391.160000
375.270000 375.680000 376.170000 376.490000 376.970000 377.490000 377.960000 378.350000 378.830000 379.260000 379.760000 380.230000 380.710000 381.310000 381.810000 382.220000 382.600000 383.030000 383.490000 383.870000 384.240000 384.560000 384.920000 385.290000 385.690000 386.010000 386.460000 386.630000 386.650000 386.890000 387.090000 387.210000 387.520000 387.850000 388.080000 388.320000 388.680000 388.720000 388.970000 389.090000 389.230000 389.630000 389.860000 390.180000 390.290000 390.440000 390.820000 390.990000 390.970000 391.060000 391.210000 391.350000 391.430000 391.590000 391.620000 391.670000 391.660000
375.980000 376.330000 376.700000 377.110000 377.550000 378.070000 378.490000 378.920000 379.350000 379.820000 380.280000 380.730000 381.120000 381.770000 382.260000 382.670000 383.060000 383.490000 383.880000 384.300000 384.610000 384.940000 385.270000 385.660000 386.040000 386.410000 386.880000 387.010000 387.020000 387.260000 387.460000 387.570000 387.860000 388.110000 388.350000 388.640000 389.050000 389.160000 389.390000 389.600000 389.760000 390.040000 390.260000 390.580000 390.740000 390.830000 391.230000 391.470000 391.450000 391.520000 391.700000 391.810000 391.890000 392.040000 392.120000 392.210000 392.170000
376.720000 377.030000 377.320000 377.700000 378.120000 378.670000 379.050000 379.470000 379.910000 380.360000 380.820000 381.210000 381.590000 382.230000 382.730000 383.070000 383.490000 383.960000 384.280000 384.750000 385.000000 385.340000 385.590000 386.050000 386.440000 386.840000 387.230000 387.360000 387.410000 387.710000 387.850000 387.960000 388.200000 388.480000 388.790000 389.080000 389.430000 389.600000 389.810000 390.060000 390.220000 390.510000 390.700000 390.950000 391.190000 391.260000 391.600000 391.860000 391.940000 392.010000 392.130000 392.290000 392.380000 392.510000 392.610000 392.680000 392.760000
377.360000 377.630000 377.950000 378.260000 378.700000 379.210000 379.580000 380.040000 380.490000 380.880000 381.300000 381.740000 382.100000 382.700000 383.160000 383.460000 383.920000 384.380000 384.740000 385.140000 385.400000 385.800000 386.040000 386.490000 386.880000 387.230000 387.640000 387.710000 387.840000 388.100000 388.300000 388.340000 388.610000 388.900000 389.190000 389.500000 389.840000 390.010000 390.340000 390.510000 390.650000 390.970000 391.180000 391.420000 391.640000 391.700000 392.020000 392.300000 392.400000 392.530000 392.650000 392.810000 392.840000 393.010000 393.100000 393.200000 393.240000
377.900000 378.200000 378.480000 378.800000 379.220000 379.700000 380.110000 380.510000 380.980000 381.410000 381.820000 382.260000 382.620000 383.150000 383.550000 383.850000 384.280000 384.770000 385.160000 385.570000 385.850000 386.160000 386.510000 386.960000 387.300000 387.630000 388.010000 388.110000 388.280000 388.550000 388.690000 388.770000 389.020000 389.320000 389.560000 389.880000 390.200000 390.480000 390.710000 390.920000 391.090000 391.360000 391.670000 391.910000 392.090000 392.160000 392.460000 392.790000 392.880000 393.030000 393.170000 393.330000 393.400000 393.510000 393.600000 393.720000 393.750000
378.500000 378.720000 378.990000 379.330000 379.740000 380.180000 380.600000 380.970000 381.400000 381.890000 382.290000 382.640000 383.050000 383.610000 383.940000 384.260000 384.680000 385.140000 385.560000 385.990000 386.230000 386.630000 386.920000 387.410000 387.700000 388.070000 388.390000 388.570000 388.680000 389.000000 389.120000 389.190000 389.430000 389.680000 389.940000 390.310000 390.590000 390.900000 391.110000 391.310000 391.490000 391.830000 392.130000 392.360000 392.580000 392.720000 393.010000 393.420000 393.380000 393.570000 393.720000 393.900000 393.910000 394.040000 394.150000 394.200000 394.300000
