data/Freiberg_dgm_10m_spac.asc
ncols                 600
nrows                 600
xllcorner    381990.000000
yllcorner    5639990.000000
cellsize     10.000000
NODATA_value -9999.000000
[rows 75 to 99 of 600, columns 114 to 170 of 600]
361.790000 362.170000 362.300000 362.640000 363.290000 363.970000 365.010000 366.140000 367.380000 368.760000 370.090000 371.260000 372.220000 373.020000 374.020000 374.760000 375.090000 375.560000 375.780000 375.980000 376.030000 375.920000 375.430000 374.560000 374.120000 371.960000 373.140000 374.540000 375.880000 377.520000 379.430000 380.620000 381.430000 382.190000 382.900000 383.400000 383.580000 383.630000 383.560000 383.690000 383.730000 383.760000 384.100000 384.860000 385.160000 385.250000 385.400000 385.520000 385.280000 385.190000 385.080000 384.950000 384.910000 385.000000 385.260000 385.550000 385.870000
362.200000 362.350000 362.570000 363.260000 363.790000 364.700000 365.700000 366.730000 368.100000 369.480000 370.900000 372.070000 373.100000 374.060000 375.060000 375.760000 376.210000 376.680000 376.880000 377.050000 377.170000 377.180000 376.860000 376.220000 375.370000 375.070000 373.080000 374.940000 376.020000 377.220000 378.920000 380.510000 381.500000 382.290000 383.030000 383.660000 383.940000 384.100000 384.100000 384.260000 384.340000 384.370000 384.560000 385.360000 385.600000 385.590000 385.700000 385.730000 385.500000 385.420000 385.340000 385.290000 385.260000 385.420000 385.680000 386.090000 386.400000
362.530000 362.730000 362.900000 363.740000 364.370000 365.280000 366.240000 367.330000 368.720000 370.170000 371.560000 372.830000 373.930000 375.010000 376.020000 376.730000 377.220000 377.660000 377.790000 377.990000 378.220000 378.320000 378.160000 377.630000 376.950000 376.230000 375.710000 374.880000 376.180000 377.260000 378.650000 380.180000 381.370000 382.170000 383.020000 383.660000 384.140000 384.380000 384.560000 384.760000 384.890000 384.900000 385.020000 385.760000 385.890000 385.820000 385.880000 385.890000 385.700000 385.660000 385.570000 385.570000 385.640000 385.880000 386.130000 386.500000 386.790000
362.640000 362.880000 363.370000 364.190000 364.970000 365.870000 366.790000 367.980000 369.290000 370.720000 372.110000 373.390000 374.590000 375.790000 376.800000 377.560000 378.150000 378.490000 378.670000 378.860000 379.150000 379.320000 379.240000 379.070000 378.410000 377.570000 377.450000 375.880000 376.280000 377.360000 378.570000 379.880000 381.070000 381.940000 382.860000 383.670000 384.210000 384.620000 384.900000 385.160000 385.310000 385.280000 385.520000 386.160000 386.050000 386.020000 386.060000 386.040000 385.880000 385.840000 385.850000 385.880000 386.010000 386.340000 386.580000 386.930000 387.150000
363.080000 363.240000 364.030000 364.750000 365.660000 366.420000 367.390000 368.600000 369.910000 371.300000 372.670000 373.900000 375.110000 376.350000 377.470000 378.310000 378.960000 379.360000 379.600000 379.830000 380.120000 380.400000 380.360000 380.350000 379.860000 378.980000 378.470000 378.260000 375.910000 377.430000 378.540000 379.820000 380.840000 381.730000 382.710000 383.510000 384.180000 384.670000 385.090000 385.420000 385.520000 385.630000 385.900000 386.620000 386.370000 386.280000 386.190000 386.280000 386.080000 386.070000 386.050000 386.250000 386.330000 386.610000 386.920000 387.240000 387.490000
363.400000 363.840000 364.710000 365.380000 366.240000 366.970000 368.030000 369.330000 370.620000 371.890000 373.110000 374.430000 375.640000 376.920000 378.190000 378.860000 379.640000 380.060000 380.300000 380.560000 380.870000 381.030000 381.210000 381.230000 380.900000 380.330000 379.650000 379.220000 378.230000 377.790000 378.620000 379.740000 380.750000 381.640000 382.500000 383.390000 384.120000 384.700000 385.120000 385.560000 385.760000 386.010000 386.330000 387.110000 386.710000 386.590000 386.470000 386.500000 386.360000 386.330000 386.320000 386.470000 386.590000 386.880000 387.130000 387.410000 387.790000
364.500000 364.690000 365.360000 366.070000 366.910000 367.690000 368.810000 369.990000 371.410000 372.490000 373.540000 374.710000 375.960000 377.210000 378.180000 379.230000 380.120000 380.710000 381.040000 381.310000 381.640000 381.880000 382.180000 382.170000 381.910000 381.560000 380.980000 380.200000 379.940000 377.770000 379.110000 379.650000 380.700000 381.550000 382.390000 383.300000 383.990000 384.670000 385.150000 385.760000 386.030000 386.310000 386.850000 387.530000 387.060000 386.790000 386.700000 386.700000 386.530000 386.530000 386.520000 386.680000 386.840000 387.110000 387.350000 387.640000 388.020000
364.710000 365.620000 365.710000 366.700000 367.460000 368.330000 369.340000 370.560000 371.800000 372.990000 374.010000 375.080000 376.330000 377.560000 378.530000 379.610000 380.510000 381.160000 381.580000 381.930000 382.290000 382.700000 382.970000 382.950000 382.780000 382.570000 382.110000 381.310000 380.860000 380.370000 379.920000 379.950000 380.560000 381.470000 382.340000 383.160000 383.860000 384.640000 385.270000 385.880000 386.350000 386.640000 387.150000 387.860000 387.370000 387.160000 386.970000 386.850000 386.700000 386.710000 386.750000 386.890000 387.040000 387.340000 387.560000 387.820000 388.220000
363.890000 366.290000 366.410000 367.420000 368.170000 369.090000 370.080000 371.190000 372.350000 373.520000 374.530000 375.540000 376.740000 377.940000 378.930000 379.960000 380.820000 381.500000 382.080000 382.540000 382.940000 383.450000 383.710000 383.640000 383.480000 383.340000 382.970000 382.390000 381.700000 381.050000 380.470000 380.160000 380.660000 381.430000 382.230000 383.080000 383.830000 384.640000 385.360000 386.060000 386.600000 386.940000 387.510000 388.090000 387.560000 387.280000 387.080000 386.990000 386.820000 386.840000 386.870000 387.090000 387.260000 387.510000 387.770000 388.010000 388.310000
364.960000 366.510000 367.000000 368.020000 368.850000 369.790000 370.790000 371.960000 373.080000 374.070000 374.970000 376.010000 377.230000 378.270000 379.370000 380.360000 381.120000 381.850000 382.520000 383.120000 383.570000 384.130000 384.300000 384.290000 384.160000 384.060000 383.670000 383.260000 382.600000 381.850000 381.130000 380.380000 380.370000 381.440000 382.210000 382.940000 383.780000 384.590000 385.440000 386.150000 386.740000 387.100000 387.750000 388.180000 387.690000 387.340000 387.170000 387.080000 386.960000 386.940000 387.030000 387.270000 387.450000 387.710000 387.990000 388.240000 388.410000
366.140000 366.670000 367.550000 368.570000 369.510000 370.520000 371.600000 372.670000 373.770000 374.730000 375.590000 376.570000 377.600000 378.600000 379.670000 380.730000 381.420000 382.150000 382.820000 383.630000 384.270000 384.680000 384.870000 384.770000 384.750000 384.700000 384.240000 383.880000 383.230000 382.560000 381.710000 380.870000 380.460000 381.270000 382.080000 382.810000 383.710000 384.590000 385.430000 386.110000 386.800000 387.220000 387.710000 388.240000 387.690000 387.370000 387.190000 387.120000 387.030000 387.100000 387.240000 387.490000 387.670000 387.910000 388.220000 388.360000 388.560000
366.780000 366.950000 368.200000 369.050000 370.080000 371.170000 372.300000 373.340000 374.480000 375.500000 376.360000 377.230000 378.070000 378.880000 379.980000 380.940000 381.750000 382.470000 383.220000 384.120000 384.840000 385.180000 385.280000 385.240000 385.240000 385.140000 384.790000 384.390000 383.890000 383.210000 382.240000 381.470000 380.800000 381.080000 381.970000 382.760000 383.570000 384.510000 385.300000 386.060000 386.730000 387.200000 387.770000 388.340000 387.700000 387.370000 387.250000 387.170000 387.140000 387.250000 387.440000 387.670000 387.910000 388.120000 388.420000 388.650000 388.730000
366.910000 367.400000 368.640000 369.560000 370.650000 371.770000 372.940000 374.070000 375.120000 376.080000 376.980000 377.820000 378.470000 379.190000 380.230000 381.190000 382.090000 382.890000 383.690000 384.500000 385.250000 385.570000 385.560000 385.610000 385.690000 385.570000 385.250000 384.870000 384.400000 383.840000 383.130000 382.450000 381.680000 381.420000 381.810000 382.850000 383.510000 384.380000 385.130000 385.800000 386.570000 387.200000 387.780000 388.440000 387.700000 387.440000 387.290000 387.270000 387.280000 387.410000 387.610000 387.890000 388.130000 388.330000 388.700000 388.880000 389.000000
367.010000 367.690000 368.930000 370.020000 371.100000 372.300000 373.450000 374.610000 375.690000 376.540000 377.400000 378.260000 378.840000 379.520000 380.510000 381.500000 382.490000 383.340000 384.090000 384.850000 385.500000 385.800000 385.760000 385.810000 385.960000 385.820000 385.610000 385.310000 384.760000 384.340000 383.890000 383.140000 382.370000 381.740000 381.860000 382.780000 383.520000 384.250000 384.940000 385.650000 386.380000 386.940000 387.520000 388.520000 387.760000 387.440000 387.320000 387.300000 387.470000 387.570000 387.780000 388.070000 388.300000 388.500000 388.820000 389.120000 389.240000
366.570000 367.840000 369.080000 370.290000 371.430000 372.640000 373.840000 374.980000 375.960000 376.800000 377.700000 378.560000 379.180000 379.890000 380.880000 381.830000 382.800000 383.680000 384.480000 385.110000 385.670000 385.960000 385.920000 385.970000 386.130000 386.020000 385.940000 385.640000 385.210000 384.760000 384.370000 383.790000 383.100000 382.550000 382.160000 382.510000 383.460000 384.080000 384.740000 385.500000 386.160000 386.830000 387.350000 388.530000 387.690000 387.580000 387.450000 387.460000 387.620000 387.760000 388.010000 388.280000 388.520000 388.740000 389.080000 389.380000 389.580000
367.000000 367.900000 369.160000 370.440000 371.620000 372.780000 373.970000 375.080000 376.030000 376.890000 377.850000 378.730000 379.400000 380.320000 381.200000 381.960000 382.760000 383.750000 384.630000 385.320000 385.860000 386.160000 386.150000 386.200000 386.330000 386.220000 386.190000 385.910000 385.550000 385.170000 384.860000 384.360000 383.740000 383.230000 382.840000 382.960000 383.390000 384.180000 384.660000 385.380000 386.110000 386.780000 387.320000 388.100000 388.490000 387.830000 387.780000 387.790000 387.930000 388.080000 388.390000 388.610000 388.870000 389.090000 389.370000 389.700000 389.860000
367.360000 368.180000 369.340000 370.320000 371.640000 372.810000 374.060000 375.140000 376.030000 376.950000 377.910000 378.800000 379.590000 380.660000 381.430000 382.040000 382.790000 383.750000 384.600000 385.450000 385.890000 386.270000 386.510000 386.650000 386.640000 386.580000 386.480000 386.190000 385.930000 385.620000 385.370000 384.900000 384.430000 384.670000 385.420000 385.350000 385.340000 385.490000 385.570000 385.850000 386.220000 386.810000 387.490000 388.020000 388.590000 388.070000 388.010000 388.070000 388.180000 388.340000 388.610000 388.800000 389.060000 389.310000 389.550000 389.830000 390.020000
366.920000 368.800000 369.600000 370.390000 371.540000 372.870000 374.030000 375.220000 376.030000 376.940000 377.970000 378.860000 379.790000 380.790000 381.650000 382.340000 383.160000 384.410000 385.410000 385.580000 386.660000 386.700000 387.040000 387.170000 387.220000 387.260000 387.080000 386.910000 386.690000 386.200000 385.910000 385.540000 385.250000 385.160000 385.250000 385.280000 385.370000 385.340000 385.340000 385.470000 385.740000 386.340000 386.980000 387.660000 388.650000 388.100000 388.130000 388.200000 388.370000 388.540000 388.740000 388.950000 389.260000 389.510000 389.720000 389.990000 390.150000
366.770000 368.180000 369.500000 371.150000 371.750000 372.930000 374.180000 375.230000 376.160000 377.070000 378.150000 379.200000 380.160000 381.120000 382.060000 383.000000 383.880000 384.500000 385.090000 385.480000 386.010000 386.520000 387.020000 387.410000 387.650000 387.470000 387.140000 386.850000 386.690000 386.430000 386.190000 385.840000 385.520000 385.250000 385.230000 385.230000 385.170000 385.130000 385.120000 385.300000 385.620000 386.190000 386.830000 387.600000 388.210000 388.710000 388.290000 388.380000 388.570000 388.760000 388.910000 389.160000 389.520000 389.820000 389.980000 390.290000 390.380000
366.640000 368.020000 369.270000 370.500000 371.870000 373.480000 374.530000 375.630000 376.450000 377.410000 378.720000 380.080000 381.020000 381.980000 382.290000 382.870000 383.430000 384.030000 384.610000 385.240000 385.860000 386.500000 387.050000 387.440000 387.650000 387.610000 387.320000 387.050000 386.880000 386.680000 386.470000 386.170000 385.840000 385.580000 385.330000 385.240000 385.100000 384.950000 384.910000 385.130000 385.650000 386.190000 386.790000 387.420000 388.080000 388.940000 388.460000 388.610000 388.770000 388.970000 389.170000 389.520000 389.910000 390.220000 390.360000 390.600000 390.700000
366.440000 367.870000 369.210000 370.530000 371.830000 373.010000 374.270000 375.490000 376.550000 377.850000 378.910000 379.800000 380.620000 381.330000 381.980000 382.760000 383.460000 384.050000 384.700000 385.310000 385.950000 386.600000 387.110000 387.470000 387.630000 387.690000 387.530000 387.310000 387.210000 387.060000 386.840000 386.610000 386.280000 386.040000 385.800000 385.500000 385.170000 384.970000 384.860000 385.110000 385.660000 386.190000 386.800000 387.390000 388.160000 389.050000 388.660000 388.790000 388.990000 389.240000 389.520000 389.930000 390.360000 390.720000 390.850000 391.010000 391.110000
366.510000 367.920000 369.180000 370.530000 371.900000 373.460000 374.380000 375.490000 376.620000 377.730000 378.830000 379.760000 380.680000 381.420000 382.050000 382.850000 383.640000 384.320000 384.980000 385.490000 386.120000 386.720000 387.280000 387.620000 387.760000 387.870000 387.780000 387.630000 387.510000 387.400000 387.190000 386.990000 386.670000 386.470000 386.230000 385.970000 385.690000 385.370000 385.160000 385.310000 385.760000 386.300000 386.830000 387.400000 388.160000 388.890000 389.010000 388.970000 389.260000 389.520000 389.850000 390.380000 390.750000 391.160000 391.330000 391.470000 391.530000
366.770000 368.120000 369.470000 370.890000 372.170000 373.680000 374.590000 375.700000 376.880000 378.000000 379.020000 379.950000 380.870000 381.710000 382.460000 383.230000 384.040000 384.750000 385.300000 385.790000 386.330000 386.890000 387.350000 387.640000 387.910000 388.070000 388.050000 387.960000 387.790000 387.710000 387.480000 387.440000 387.170000 386.970000 386.700000 386.490000 386.250000 385.940000 385.640000 385.640000 386.000000 386.520000 387.030000 387.500000 388.130000 388.690000 389.410000 389.230000 389.490000 389.810000 390.200000 390.700000 391.120000 391.530000 391.750000 391.860000 391.970000
367.130000 368.530000 369.850000 371.260000 372.460000 373.850000 374.860000 375.940000 377.100000 378.220000 379.210000 380.260000 381.170000 382.000000 382.770000 383.760000 384.550000 385.260000 385.750000 386.140000 386.600000 387.010000 387.470000 387.790000 388.100000 388.260000 388.320000 388.270000 388.100000 388.070000 387.960000 387.830000 387.600000 387.430000 387.230000 386.990000 386.710000 386.420000 386.130000 386.000000 386.190000 386.700000 387.160000 387.620000 388.190000 388.790000 389.520000 389.500000 389.690000 390.050000 390.460000 390.950000 391.430000 391.860000 392.130000 392.310000 392.450000
367.650000 369.030000 370.350000 371.690000 372.900000 374.070000 375.130000 376.180000 377.380000 378.540000 379.520000 380.610000 381.560000 382.440000 383.290000 384.340000 385.070000 385.760000 386.220000 386.540000 386.880000 387.250000 387.690000 388.020000 388.320000 388.470000 388.590000 388.520000 388.440000 388.410000 388.300000 388.180000 388.010000 387.780000 387.680000 387.440000 387.170000 386.900000 386.630000 386.470000 386.500000 386.840000 387.300000 387.790000 388.340000 388.910000 389.580000 389.570000 389.860000 390.230000 390.610000 391.160000 391.610000 392.120000 392.450000 392.740000 392.920000
